>GGAAATTCCC	NFkB-p65-Rel(RHD)/ThioMac-LPS-Expression(GSE23622)/Homer	9.229901	-9.602478e+01	0	87190.0,1722.0,597.7,81.0,1.98e-42
0.001	0.001	0.993	0.005
0.017	0.003	0.932	0.048
0.972	0.002	0.001	0.025
0.983	0.002	0.013	0.001
0.866	0.006	0.001	0.128
0.020	0.101	0.042	0.838
0.001	0.163	0.001	0.835
0.091	0.907	0.001	0.001
0.001	0.980	0.001	0.018
0.138	0.849	0.012	0.001

>GGGGGAATCCCC	NFkB-p50,p52(RHD)/Monocyte-p50-ChIP-Chip(Schreiber_et_al.)/Homer	8.671915	-1.074349e+02	0	7947.8,301.0,472.7,108.0,2.20e-47
0.138	0.091	0.682	0.089
0.073	0.035	0.840	0.053
0.058	0.001	0.918	0.023
0.042	0.001	0.956	0.001
0.099	0.044	0.856	0.001
0.818	0.030	0.151	0.001
0.683	0.055	0.160	0.102
0.155	0.034	0.090	0.721
0.001	0.803	0.093	0.103
0.021	0.956	0.001	0.021
0.001	0.962	0.001	0.036
0.054	0.902	0.033	0.011

>AGGGGATTTCCC	NFkB-p65(RHD)/GM12787-p65-ChIP-Seq(GSE19485)/Homer	7.188169	-1.019078e+04	0	50003.0,10349.0,10830.4,8612.0,0.00e+00
0.386	0.093	0.197	0.324
0.098	0.005	0.728	0.170
0.002	0.001	0.992	0.004
0.001	0.001	0.965	0.033
0.354	0.001	0.622	0.023
0.602	0.138	0.172	0.089
0.355	0.072	0.016	0.557
0.031	0.014	0.017	0.937
0.001	0.193	0.001	0.805
0.001	0.816	0.001	0.182
0.002	0.973	0.001	0.023
0.261	0.609	0.019	0.112