>CGGAAGTGAAAC	PU.1-IRF(ETS:IRF)/Bcell-PU.1-ChIP-Seq(GSE21512)/Homer	6.851957	-1.496398e+03	0	82930.0,41465.0,11784.0,7928.0,0.00e+00
0.318	0.406	0.201	0.076
0.287	0.002	0.677	0.034
0.057	0.006	0.936	0.001
0.988	0.005	0.004	0.004
0.968	0.001	0.002	0.029
0.203	0.140	0.646	0.011
0.149	0.036	0.063	0.751
0.018	0.013	0.965	0.004
0.853	0.052	0.078	0.017
0.753	0.118	0.117	0.012
0.774	0.035	0.153	0.038
0.111	0.532	0.288	0.069

>GGAAGTGAAAST	PU.1:IRF8(ETS:IRF)/pDC-Irf8-ChIP-Seq(GSE66899)/Homer	8.986988	-12221.623493	0	T:5163.0(29.90%),B:389.1(1.26%),P:1e-5307	Tpos:51.7,Tstd:18.5,Bpos:54.1,Bstd:33.7,StrandBias:-0.0,Multiplicity:1.03
0.171	0.008	0.808	0.013
0.061	0.002	0.935	0.002
0.995	0.001	0.001	0.003
0.974	0.001	0.002	0.023
0.146	0.204	0.628	0.022
0.077	0.010	0.015	0.898
0.007	0.002	0.989	0.002
0.918	0.004	0.071	0.007
0.860	0.008	0.111	0.021
0.967	0.008	0.012	0.013
0.092	0.436	0.442	0.030
0.134	0.218	0.055	0.593

>AGAGGAAGTG	PU.1(ETS)/ThioMac-PU.1-ChIP-Seq(GSE21512)/Homer	7.613173	-1.947446e+04	0	58623.0,41203.0,17624.1,16914.0,0.00e+00
0.643	0.001	0.149	0.207
0.122	0.171	0.706	0.002
0.830	0.012	0.157	0.001
0.001	0.001	0.997	0.001
0.001	0.001	0.997	0.001
0.997	0.001	0.001	0.001
0.990	0.001	0.001	0.008
0.024	0.074	0.900	0.001
0.001	0.005	0.001	0.993
0.079	0.097	0.773	0.051